0.000000000000000000e+00 0.000000000000000000e+00 0.000000000000000000e+00 0.000000000000000000e+00 0.000000000000000000e+00 0.000000000000000000e+00 1.000000000000000000e+00
8.022836595773696899e-02 1.745748519897460938e-02 -8.038622140884399414e-02 3.319254028610885143e-04 -4.463928192853927612e-02 -1.278594043105840683e-02 9.989215135574340820e-01
3.119381666183471680e-01 1.710993424057960510e-02 -7.000345736742019653e-02 -1.225335337221622467e-02 -1.378074586391448975e-01 1.832458749413490295e-02 9.902138113975524902e-01
2.189728170633316040e-01 2.378483861684799194e-02 -9.110949933528900146e-02 -2.604364184662699699e-03 -9.858389943838119507e-02 2.672525122761726379e-02 9.947662949562072754e-01
8.725026249885559082e-02 3.943434730172157288e-02 -1.220287010073661804e-01 8.862184360623359680e-03 -2.852125093340873718e-02 4.551421105861663818e-02 9.985168576240539551e-01
3.946876968257129192e-04 5.265821889042854309e-02 -1.319769471883773804e-01 1.111097633838653564e-02 2.998533309437334538e-04 6.681966781616210938e-02 9.977038502693176270e-01
-1.089679300785064697e-01 4.892146214842796326e-02 -1.235222816467285156e-01 1.325198169797658920e-02 8.666303008794784546e-02 9.514753520488739014e-02 9.915947914123535156e-01
-6.953274458646774292e-02 1.199042703956365585e-02 -1.477079242467880249e-01 -5.751382559537887573e-03 4.799803718924522400e-02 2.683111838996410370e-02 9.984704256057739258e-01
-1.542498022317886353e-01 5.187017470598220825e-02 -1.146000027656555176e-01 1.549259107559919357e-02 1.109382733702659607e-01 1.039389744400978088e-01 9.882553219795227051e-01
-2.332377880811691284e-01 4.617634043097496033e-02 -1.177712976932525635e-01 1.673808693885803223e-02 1.284272223711013794e-01 1.176729127764701843e-01 9.845705628395080566e-01
-3.145865797996520996e-01 4.777977615594863892e-02 -1.117377057671546936e-01 2.037821523845195770e-02 1.638036668300628662e-01 1.330513507127761841e-01 9.772666096687316895e-01
-4.468457400798797607e-01 3.583646193146705627e-02 -4.715853184461593628e-02 3.152945637702941895e-02 2.530040442943572998e-01 1.519475430250167847e-01 9.549380540847778320e-01
-5.163714289665222168e-01 1.919339597225189209e-02 -1.604871265590190887e-02 3.252286091446876526e-02 2.937109172344207764e-01 1.677229404449462891e-01 9.405017495155334473e-01
-5.183247923851013184e-01 5.321385711431503296e-02 1.396025568246841431e-01 1.449340023100376129e-02 2.784407436847686768e-01 1.567254960536956787e-01 9.474684596061706543e-01
-5.498096942901611328e-01 7.741046603769063950e-03 -3.559103701263666153e-03 3.238226845860481262e-02 3.114635050296783447e-01 1.780948638916015625e-01 9.328579306602478027e-01
-6.101850271224975586e-01 -7.587228436022996902e-03 3.934598714113235474e-02 3.501695394515991211e-02 3.480274677276611328e-01 1.907566636800765991e-01 9.172028899192810059e-01
-6.793495416641235352e-01 -2.760895900428295135e-02 1.156849190592765808e-01 4.136756435036659241e-02 3.961324393749237061e-01 1.989863663911819458e-01 8.954175710678100586e-01
-7.455270290374755859e-01 -3.437444195151329041e-02 1.553936451673507690e-01 4.425920173525810242e-02 4.172140359878540039e-01 2.036650925874710083e-01 8.845875263214111328e-01
-8.227629661560058594e-01 -3.928499296307563782e-02 2.226190567016601562e-01 5.306698381900787354e-02 4.650256633758544922e-01 2.081774920225143433e-01 8.588349223136901855e-01
-8.051692843437194824e-01 1.559288352727890015e-01 3.565155863761901855e-01 8.478115499019622803e-02 3.967856764793395996e-01 1.355682164430618286e-01 9.038776755332946777e-01
-8.473737835884094238e-01 -4.125832021236419678e-02 2.465333044528961182e-01 5.495433509349822998e-02 4.822939336299896240e-01 2.085066735744476318e-01 8.490561246871948242e-01
-8.740729689598083496e-01 -4.896116256713867188e-02 2.677983939647674561e-01 5.390492081642150879e-02 4.978222548961639404e-01 2.128984332084655762e-01 8.390124440193176270e-01
-9.137793183326721191e-01 -9.001358598470687866e-02 3.333398401737213135e-01 4.804142564535140991e-02 5.545518994331359863e-01 2.355873286724090576e-01 7.966579198837280273e-01
-9.376613497734069824e-01 -8.654195815324783325e-02 3.136459887027740479e-01 4.597536846995353699e-02 5.559623241424560547e-01 2.378704398870468140e-01 7.951160669326782227e-01
-9.654904603958129883e-01 -7.860340178012847900e-02 2.932420969009399414e-01 4.475752264261245728e-02 5.560301542282104492e-01 2.363578230142593384e-01 7.955893278121948242e-01
-9.960436820983886719e-01 -7.218392193317413330e-02 2.750051915645599365e-01 4.340393841266632080e-02 5.586088895797729492e-01 2.340672016143798828e-01 7.945342063903808594e-01
-1.010222911834716797e+00 -6.333313137292861938e-02 3.249230086803436279e-01 5.022394284605979919e-02 5.868060588836669922e-01 2.321147918701171875e-01 7.741181850433349609e-01
-1.028166532516479492e+00 -5.160567164421081543e-02 3.414104580879211426e-01 5.427637323737144470e-02 6.012268662452697754e-01 2.302649468183517456e-01 7.632550001144409180e-01
-1.061295509338378906e+00 -7.530773431062698364e-02 5.520972609519958496e-01 7.512349169701337814e-03 6.402934193611145020e-01 2.207833826541900635e-01 7.356776595115661621e-01
-1.038760066032409668e+00 -4.964648932218551636e-02 3.646093010902404785e-01 5.876770615577697754e-02 6.181207895278930664e-01 2.302779108285903931e-01 7.492968440055847168e-01
-1.053060531616210938e+00 -5.644752830266952515e-02 3.667770028114318848e-01 5.931382626295089722e-02 6.289638280868530273e-01 2.337614595890045166e-01 7.390818595886230469e-01
-1.071042656898498535e+00 -6.634554266929626465e-02 3.575107455253601074e-01 5.616582557559013367e-02 6.357591748237609863e-01 2.403222769498825073e-01 7.313691973686218262e-01
-1.089592695236206055e+00 -7.027804851531982422e-02 3.617658019065856934e-01 5.610962212085723877e-02 6.446281671524047852e-01 2.446186989545822144e-01 7.221272587776184082e-01
-1.108474135398864746e+00 -7.578159868717193604e-02 3.782733380794525146e-01 5.854674801230430603e-02 6.571674942970275879e-01 2.473557740449905396e-01 7.095904350280761719e-01
-1.108229517936706543e+00 -9.048515558242797852e-02 4.480658769607543945e-01 6.465768069028854370e-02 6.860079169273376465e-01 2.520190179347991943e-01 6.794840097427368164e-01
-1.093543648719787598e+00 -1.074438616633415222e-01 5.320072770118713379e-01 7.057397812604904175e-02 7.163519263267517090e-01 2.582408487796783447e-01 6.443368792533874512e-01
-1.071110367774963379e+00 -1.302130967378616333e-01 6.069670319557189941e-01 7.506883144378662109e-02 7.425535917282104492e-01 2.649686038494110107e-01 6.105498075485229492e-01
-1.044297933578491211e+00 -1.625461131334304810e-01 6.700875163078308105e-01 7.705410569906234741e-02 7.655833363533020020e-01 2.728822529315948486e-01 5.774771571159362793e-01
-8.711446523666381836e-01 -3.249560892581939697e-01 1.345253229141235352e+00 6.755469739437103271e-02 8.944880962371826172e-01 2.791020572185516357e-01 3.426790535449981689e-01
-9.668071866035461426e-01 -2.345929443836212158e-01 8.074918985366821289e-01 8.755037188529968262e-02 8.066306710243225098e-01 2.934064567089080811e-01 5.055639147758483887e-01
-9.029119014739990234e-01 -2.603465914726257324e-01 9.062384963035583496e-01 9.598594903945922852e-02 8.315478563308715820e-01 2.965037524700164795e-01 4.597831666469573975e-01
-8.103331923484802246e-01 -2.978950142860412598e-01 1.021232604980468750e+00 1.028026640415191650e-01 8.578112721443176270e-01 3.008585572242736816e-01 4.038287699222564697e-01
-7.056607007980346680e-01 -3.769129514694213867e-01 1.154095649719238281e+00 8.950915932655334473e-02 8.871388435363769531e-01 3.127577900886535645e-01 3.273458480834960938e-01
-5.990467667579650879e-01 -4.074544608592987061e-01 1.250871181488037109e+00 9.527222067117691040e-02 9.059991836547851562e-01 3.135658204555511475e-01 2.678916454315185547e-01
-4.905587434768676758e-01 -4.202286899089813232e-01 1.327160000801086426e+00 9.187449514865875244e-02 9.213860034942626953e-01 3.079456388950347900e-01 2.185795307159423828e-01
-8.779761791229248047e-01 -3.171902000904083252e-01 1.324323654174804688e+00 6.890384107828140259e-02 8.929171562194824219e-01 2.790492475032806396e-01 3.465309441089630127e-01
-4.123678803443908691e-01 -4.572041630744934082e-01 1.401954174041748047e+00 7.698042690753936768e-02 9.315446615219116211e-01 3.104340136051177979e-01 1.730018556118011475e-01
-4.579647481441497803e-01 -4.735831618309020996e-01 1.494200110435485840e+00 7.542496174573898315e-02 9.330024123191833496e-01 3.072602450847625732e-01 1.714889258146286011e-01
-4.161247014999389648e-01 -4.344615936279296875e-01 1.610085725784301758e+00 7.995414733886718750e-02 9.423143267631530762e-01 2.887258529663085938e-01 1.492900699377059937e-01
-8.976525068283081055e-01 -3.247370421886444092e-01 1.299174070358276367e+00 7.150869816541671753e-02 8.894288539886474609e-01 2.832942008972167969e-01 3.514928519725799561e-01
-4.460266530513763428e-01 -4.032995700836181641e-01 1.632139563560485840e+00 7.814798504114151001e-02 9.432176947593688965e-01 2.790029346942901611e-01 1.624523848295211792e-01
-6.896500587463378906e-01 -3.772345185279846191e-01 1.591017484664916992e+00 6.825447082519531250e-02 9.284655451774597168e-01 2.766229808330535889e-01 2.382718175649642944e-01
-9.253945350646972656e-01 -3.658694922924041748e-01 1.508755564689636230e+00 5.814160034060478210e-02 9.085962176322937012e-01 2.767504155635833740e-01 3.073787391185760498e-01
-9.210229516029357910e-01 -3.480193018913269043e-01 1.274182677268981934e+00 7.722349464893341064e-02 8.848018050193786621e-01 2.924947440624237061e-01 3.544125556945800781e-01
-9.718605279922485352e-01 -3.702172636985778809e-01 1.520712375640869141e+00 6.728849560022354126e-02 8.958138227462768555e-01 2.795809805393218994e-01 3.388557732105255127e-01
-9.771648049354553223e-01 -3.725308179855346680e-01 1.243198037147521973e+00 8.253677934408187866e-02 8.807844519615173340e-01 3.025541901588439941e-01 3.547770082950592041e-01
-1.020994424819946289e+00 -4.305881261825561523e-01 1.210097193717956543e+00 7.869505882263183594e-02 8.771753311157226562e-01 3.216275572776794434e-01 3.477444350719451904e-01
-1.058918714523315430e+00 -4.519412815570831299e-01 1.162023663520812988e+00 8.666866272687911987e-02 8.732307553291320801e-01 3.339382708072662354e-01 3.441510200500488281e-01
-1.095331192016601562e+00 -4.250410199165344238e-01 1.127327322959899902e+00 8.735807240009307861e-02 8.737503290176391602e-01 3.331424295902252197e-01 3.434293270111083984e-01
-1.061724424362182617e+00 -2.953137457370758057e-01 1.193963170051574707e+00 8.459813147783279419e-02 8.989596962928771973e-01 2.903723120689392090e-01 3.168554008007049561e-01
-1.010480999946594238e+00 -2.261319160461425781e-01 1.247954964637756348e+00 8.043467253446578979e-02 9.154803156852722168e-01 2.659667134284973145e-01 2.910117506980895996e-01
-9.690313339233398438e-01 -3.657766580581665039e-01 1.517198324203491211e+00 6.773481518030166626e-02 8.957818746566772461e-01 2.786204516887664795e-01 3.396422564983367920e-01
-9.904850125312805176e-01 -2.073574364185333252e-01 1.254887580871582031e+00 7.999024540185928345e-02 9.215548634529113770e-01 2.598876357078552246e-01 2.771223485469818115e-01
-9.832758307456970215e-01 -1.589135080575942993e-01 1.226208567619323730e+00 7.764887064695358276e-02 9.301138520240783691e-01 2.422988861799240112e-01 2.648581564426422119e-01
-9.018500447273254395e-01 -9.803668409585952759e-02 1.256253719329833984e+00 8.622375130653381348e-02 9.454856514930725098e-01 2.220753878355026245e-01 2.220456898212432861e-01
-7.563101053237915039e-01 -9.858231246471405029e-02 1.341339111328125000e+00 1.003015488386154175e-01 9.576594829559326172e-01 2.172389030456542969e-01 1.601090729236602783e-01
-5.605259537696838379e-01 -1.203317940235137939e-01 1.433404445648193359e+00 1.129327639937400818e-01 9.671378135681152344e-01 2.133488506078720093e-01 7.983113825321197510e-02
-4.194412827491760254e-01 -2.244766503572463989e-01 1.475134134292602539e+00 1.085651218891143799e-01 9.655401706695556641e-01 2.361296713352203369e-01 1.374687533825635910e-02
-3.211543262004852295e-01 -2.827113270759582520e-01 1.496599674224853516e+00 1.030811369419097900e-01 9.627383351325988770e-01 2.477042078971862793e-01 -3.393824025988578796e-02
-2.199750542640686035e-01 -2.985274195671081543e-01 1.515746235847473145e+00 1.018894165754318237e-01 9.609527587890625000e-01 2.450550198554992676e-01 -7.833416014909744263e-02
-4.371315836906433105e-01 -3.765878379344940186e-01 1.527624368667602539e+00 5.123336985707283020e-02 9.594789743423461914e-01 2.769021689891815186e-01 1.003555860370397568e-02
-2.841291762888431549e-02 -3.303535878658294678e-01 1.526010751724243164e+00 9.590648859739303589e-02 9.536153674125671387e-01 2.424682676792144775e-01 -1.504321247339248657e-01
2.053628116846084595e-01 -3.488700389862060547e-01 1.512900948524475098e+00 9.410111606121063232e-02 9.378987550735473633e-01 2.382221519947052002e-01 -2.339692860841751099e-01
3.800947964191436768e-01 -3.482739925384521484e-01 1.488744020462036133e+00 9.860949963331222534e-02 9.210009574890136719e-01 2.308848500251770020e-01 -2.978697419166564941e-01
5.108139514923095703e-01 -3.558073639869689941e-01 1.458431363105773926e+00 1.024167388677597046e-01 9.039231538772583008e-01 2.255937457084655762e-01 -3.486284613609313965e-01
6.223061084747314453e-01 -3.585808277130126953e-01 1.431998014450073242e+00 9.899742156267166138e-02 8.875064253807067871e-01 2.195545583963394165e-01 -3.928471803665161133e-01
7.795539498329162598e-01 -3.532468080520629883e-01 1.374858260154724121e+00 9.731894731521606445e-02 8.629592061042785645e-01 2.105983346700668335e-01 -4.488640129566192627e-01
8.617071509361267090e-01 -3.555248975753784180e-01 1.375337719917297363e+00 9.331985563039779663e-02 8.467219471931457520e-01 2.026811987161636353e-01 -4.829852581024169922e-01
1.049353122711181641e+00 -4.057853221893310547e-01 1.547397971153259277e+00 1.555399447679519653e-01 7.912961840629577637e-01 1.644954234361648560e-01 -5.679790973663330078e-01
9.534031152725219727e-01 -4.026015996932983398e-01 1.367050647735595703e+00 8.433449268341064453e-02 8.207460045814514160e-01 2.062542140483856201e-01 -5.260468125343322754e-01
1.052787303924560547e+00 -4.116464257240295410e-01 1.312010765075683594e+00 8.472918719053268433e-02 7.910650372505187988e-01 1.984150558710098267e-01 -5.724236965179443359e-01
1.081914186477661133e+00 -4.219909310340881348e-01 1.311401724815368652e+00 8.123227953910827637e-02 7.753074169158935547e-01 1.969695389270782471e-01 -5.945622920989990234e-01
1.162269473075866699e+00 -3.876540958881378174e-01 1.249843835830688477e+00 7.881197333335876465e-02 7.314193248748779297e-01 1.735495775938034058e-01 -6.547495722770690918e-01
1.231217741966247559e+00 -3.392574489116668701e-01 7.573662996292114258e-01 1.341828256845474243e-01 5.762984752655029297e-01 1.274143904447555542e-01 -7.960156798362731934e-01
1.171492576599121094e+00 -3.595598042011260986e-01 1.223354458808898926e+00 7.500766217708587646e-02 7.215642929077148438e-01 1.649194061756134033e-01 -6.682236790657043457e-01
1.177909851074218750e+00 -3.279457688331604004e-01 1.121256351470947266e+00 7.363135367631912231e-02 6.946794390678405762e-01 1.534566283226013184e-01 -6.988929510116577148e-01
1.139280200004577637e+00 -3.208128809928894043e-01 1.084491848945617676e+00 7.562696188688278198e-02 6.843094229698181152e-01 1.500704735517501831e-01 -7.095640301704406738e-01
1.196912050247192383e+00 -2.576393187046051025e-01 9.524977803230285645e-01 7.690192013978958130e-02 6.393139362335205078e-01 1.269158720970153809e-01 -7.544912695884704590e-01
1.193391561508178711e+00 -2.042291015386581421e-01 8.805562853813171387e-01 8.305523544549942017e-02 6.140580177307128906e-01 1.060683131217956543e-01 -7.776793241500854492e-01
1.191790103912353516e+00 -3.035284280776977539e-01 9.752861261367797852e-01 9.399751573801040649e-02 6.527846455574035645e-01 1.388814896345138550e-01 -7.387477159500122070e-01
1.167987942695617676e+00 -1.899367123842239380e-01 8.708592653274536133e-01 8.671903610229492188e-02 6.108433604240417480e-01 1.004737243056297302e-01 -7.805485725402832031e-01
1.128017902374267578e+00 -1.871907711029052734e-01 8.287716507911682129e-01 9.186732769012451172e-02 5.927229523658752441e-01 9.552810341119766235e-02 -7.944280505180358887e-01
1.095956444740295410e+00 -1.909713000059127808e-01 7.634902596473693848e-01 9.140803664922714233e-02 5.623304843902587891e-01 9.376307576894760132e-02 -8.164787292480468750e-01
1.028871178627014160e+00 -2.020362615585327148e-01 7.464377284049987793e-01 8.876459300518035889e-02 5.546581149101257324e-01 9.598702192306518555e-02 -8.217423558235168457e-01
9.469255208969116211e-01 -1.915794759988784790e-01 6.846504211425781250e-01 8.443567901849746704e-02 5.303046703338623047e-01 9.108583629131317139e-02 -8.386600017547607422e-01
7.353028059005737305e-01 -1.009753495454788208e-01 2.097998410463333130e-01 7.607290148735046387e-02 3.557719588279724121e-01 2.494318783283233643e-02 -9.311373829841613770e-01
9.383216500282287598e-01 -1.873375475406646729e-01 6.311164498329162598e-01 8.385464549064636230e-02 5.062804222106933594e-01 8.646596968173980713e-02 -8.539154529571533203e-01
8.807459473609924316e-01 -1.610132306814193726e-01 5.129393935203552246e-01 7.380398362874984741e-02 4.613420665264129639e-01 7.412753999233245850e-02 -8.810344934463500977e-01
8.258531689643859863e-01 -1.299512088298797607e-01 3.572677373886108398e-01 6.525423377752304077e-02 4.001051485538482666e-01 6.053533032536506653e-02 -9.121378660202026367e-01
7.807723283767700195e-01 -1.045756489038467407e-01 2.256880253553390503e-01 5.976616591215133667e-02 3.367019593715667725e-01 4.837831854820251465e-02 -9.384673833847045898e-01
7.411875724792480469e-01 -9.791582077741622925e-02 1.961943209171295166e-01 7.635962963104248047e-02 3.555934429168701172e-01 2.490127831697463989e-02 -9.311832785606384277e-01
7.080970406532287598e-01 -8.778421580791473389e-02 1.690562814474105835e-01 5.368901044130325317e-02 3.181319832801818848e-01 4.107914865016937256e-02 -9.456330537796020508e-01
6.004791855812072754e-01 -5.801003426313400269e-02 8.932870626449584961e-02 4.374209791421890259e-02 2.825681269168853760e-01 3.042163699865341187e-02 -9.577665925025939941e-01
5.220997333526611328e-01 -3.372351825237274170e-02 1.570445857942104340e-02 3.534492105245590210e-02 2.252848446369171143e-01 1.351624261587858200e-02 -9.735580086708068848e-01
4.443896412849426270e-01 -1.705102622509002686e-02 -1.901093684136867523e-02 2.996728569269180298e-02 1.984587311744689941e-01 6.853010854683816433e-04 -9.796512722969055176e-01
3.626426756381988525e-01 1.293159206397831440e-03 -5.771706998348236084e-02 2.161535434424877167e-02 1.669044345617294312e-01 -1.241945941001176834e-02 -9.856584668159484863e-01
